+--------------------------------------------------------------------------+
| --------------------------- SELECT B: START ---------------------------- |
+--------------------------------------------------------------------------+
|                                                                          |
+--------------------------------------------------------------------------+
+----------+----------------------+------------------------+
| Latitude | TemperatureDayMedian | TemperatureNightMedian |
+----------+----------------------+------------------------+
|   -77.85 |                  -21 |                 -19.55 |
| -70.8919 |                -15.6 |                 -22.15 |
| -70.7667 |                -14.3 |                    -18 |
|      -69 |                -20.2 |                  -11.8 |
| -68.5744 |                 -7.4 |                  -15.6 |
| -67.6017 |                -15.2 |                   -7.9 |
| -66.6831 |                -23.9 |                  -10.4 |
| -66.6631 |                -12.8 |                  -18.7 |
|   -66.55 |                 -5.4 |                  -14.6 |
| -66.2825 |                 -6.2 |                  -12.7 |
| -65.8449 |                -20.7 |                  -19.3 |
| -54.4994 |                  3.9 |                     -4 |
|      -45 |                  7.6 |                      5 |
| -43.6578 |                  7.8 |                    7.4 |
|  -43.508 |                    2 |                    1.6 |
| -43.4892 |                 14.5 |                    9.5 |
| -43.4886 |                  7.7 |                    6.3 |
| -43.4167 |                  8.3 |                    6.7 |
| -43.2397 |                  7.3 |                    7.2 |
| -43.2006 |                  1.2 |                    1.5 |
| -43.0639 |                 10.7 |                    6.6 |
| -43.0609 |                  4.8 |                    1.6 |
| -43.0425 |                  4.2 |                    4.5 |
| -42.9858 |                    9 |                    1.3 |
| -42.9831 |                  7.6 |                    5.5 |
| -42.9017 |                 11.9 |                    8.7 |
|  -42.895 |                -0.75 |                      1 |
| -42.8897 |                 11.7 |                    8.6 |
| -42.8339 |                 10.8 |                    8.7 |
| -42.7567 |                13.25 |                    4.7 |
| -42.7097 |                 11.3 |                    4.2 |
| -42.6867 |                 11.6 |                    7.4 |
| -42.6621 |                 10.1 |                    9.4 |
| -42.5464 |                 10.1 |                    9.3 |
| -42.4842 |                 10.5 |                    0.2 |
| -42.4543 |                  7.4 |                    5.1 |
| -42.1986 |                  9.4 |                    7.2 |
|  -42.155 |                  7.7 |                    2.7 |
| -41.9953 |                 13.7 |                    8.8 |
| -41.8997 |                  4.6 |                   -3.8 |
|  -41.896 |                 11.1 |                    4.7 |
| -41.8444 |                  0.1 |                    2.9 |
| -41.7256 |                   12 |                      2 |
| -41.6428 |                 12.6 |                      6 |
| -41.5476 |                   12 |                    5.6 |
| -41.4194 |                 14.5 |                    4.9 |
| -41.3886 |                  9.8 |                    4.9 |
| -41.3381 |                 14.7 |                    8.8 |
| -41.1708 |                   12 |                    6.8 |
| -41.1701 |                 13.2 |                    6.9 |
| -41.1492 |                  7.8 |                    6.5 |
| -41.0547 |                 12.5 |                      8 |
|   -41.05 |                 10.8 |                   10.8 |
| -40.9964 |                 10.1 |                   10.3 |
| -40.9928 |                 15.7 |                   10.7 |
| -40.8347 |                 11.5 |                      3 |
| -40.7292 |                 12.2 |                   10.2 |
| -40.6764 |                 10.5 |                    5.9 |
| -40.0911 |                 12.2 |                    1.5 |
|      -40 |                  2.7 |                    1.6 |
| -39.8804 |                 12.1 |                    8.4 |
| -39.2225 |                 10.9 |                    9.1 |
| -39.1297 |                 10.4 |                    8.4 |
| -38.8556 |                 11.2 |                      7 |
| -38.8051 |                 11.4 |                      4 |
| -38.6297 |                 11.6 |                    2.7 |
| -38.5997 |                 11.6 |                   15.2 |
| -38.5647 |                   12 |                    6.1 |
| -38.4612 |                 12.3 |                    6.4 |
| -38.4583 |                 13.1 |                      6 |
| -38.4306 |                 12.6 |                    8.4 |
| -38.3906 |                 12.5 |                    7.2 |
| -38.3646 |                 12.3 |                    2.2 |
| -38.3439 |                 10.7 |                    9.2 |
| -38.3148 |                   12 |                    6.3 |
| -38.2867 |                 11.1 |                    5.6 |
| -38.2333 |                 10.5 |                      5 |
| -38.2094 |                 12.5 |                    6.4 |
| -38.1737 |                 13.7 |                    3.8 |
| -38.1516 |                 12.4 |                      6 |
| -38.1321 |                 10.5 |                    4.6 |
| -38.1017 |                   14 |                    7.8 |
| -38.0737 |                 10.9 |                    5.5 |
| -38.0288 |                 12.3 |                    3.4 |
|   -37.98 |                 12.3 |                    4.2 |
| -37.9222 |                 11.3 |                    6.7 |
| -37.9075 |                  9.3 |                    1.4 |
| -37.8818 |                 14.3 |                    4.6 |
| -37.8748 |                  7.8 |                    4.9 |
|  -37.871 |                   18 |                   11.1 |
| -37.8565 |                 12.5 |                    3.8 |
| -37.8384 |                 -2.3 |                    3.4 |
| -37.8255 |                 12.5 |                    5.5 |
| -37.7481 |                  9.4 |                    5.1 |
| -37.7473 |                 11.4 |                    6.1 |
| -37.7408 |                 12.3 |                    3.9 |
| -37.7276 |                 12.5 |                    5.2 |
| -37.7239 |                 10.9 |                      2 |
| -37.7067 |                  9.8 |                    2.2 |
| -37.6924 |                 11.4 |                    6.2 |
| -37.6922 |                 13.2 |                    5.6 |
| -37.6654 |                 12.7 |                    3.2 |
| -37.6486 |                 10.8 |                    2.6 |
| -37.5976 |                 13.4 |                   10.3 |
| -37.5831 |                 11.6 |                    6.2 |
| -37.5679 |                 12.6 |                   10.5 |
| -37.5127 |                  9.8 |                    2.6 |
| -37.3807 |                  6.7 |                    4.4 |
| -37.3416 |                  6.6 |                    4.1 |
|  -37.295 |                  1.5 |                    3.9 |
| -37.2906 |                 12.5 |                    8.9 |
| -37.2769 |                 18.4 |                   15.2 |
| -37.2622 |                 13.9 |                   11.5 |
| -37.2281 |                  4.8 |                    6.7 |
|   -37.22 |                  8.3 |                    2.2 |
| -37.2091 |                  6.3 |                    5.8 |
| -37.1776 |                 12.7 |                    9.3 |
| -37.1628 |                 21.1 |                   18.9 |
|  -37.145 |                 -2.1 |                    2.4 |
| -37.1169 |                 12.8 |                    4.5 |
| -37.1017 |                  9.5 |                      1 |
| -37.0809 |                   10 |                      7 |
|  -37.072 |                 11.3 |                    4.5 |
| -37.0491 |                  2.4 |                    0.5 |
| -37.0341 |                 11.7 |                     14 |
| -37.0222 |                 11.7 |                     11 |
| -37.0194 |                 11.4 |                    3.2 |
| -37.0177 |                 13.1 |                    6.2 |
| -37.0016 |                  8.1 |                   -0.3 |
| -36.9813 |                 12.8 |                    9.7 |
| -36.9772 |                 -2.2 |                    1.7 |
| -36.9655 |                 12.1 |                    8.7 |
| -36.9381 |                 11.2 |                      6 |
| -36.9077 |                 17.1 |                    4.2 |
| -36.8886 |                 11.3 |                    4.8 |
| -36.8708 |                 -1.2 |                    2.6 |
| -36.7411 |                 12.6 |                    5.7 |
| -36.6722 |                  7.6 |                    5.6 |
| -36.6722 |                 16.5 |                    3.7 |
| -36.6697 |                 12.7 |                    3.9 |
| -36.6539 |                 12.8 |                   10.9 |
| -36.5031 |                   13 |                  10.05 |
| -36.4917 |                 4.65 |                    4.9 |
| -36.4378 |                 12.4 |                    4.5 |
| -36.4288 |                 22.9 |                    7.7 |
| -36.4205 |                 13.3 |                    2.8 |
| -36.4069 |                 -2.3 |                   -4.3 |
|  -36.335 |                   14 |                    3.5 |
| -36.3204 |                 13.5 |                    4.2 |
| -36.3092 |                 11.5 |                    7.8 |
| -36.2939 |                  9.3 |                   -1.4 |
| -36.2846 |                 15.3 |                    2.8 |
| -36.2519 |                 18.3 |                   12.6 |
| -36.2318 |                   12 |                     11 |
| -36.2304 |                  7.6 |                    4.2 |
| -36.2144 |                 15.5 |                  16.15 |
| -36.2136 |                  2.3 |                    6.8 |
| -36.1058 |                 12.6 |                   10.1 |
| -36.1048 |                 13.6 |                    1.1 |
|  -36.069 |                 12.6 |                    5.5 |
| -36.0294 |                 13.4 |                    2.3 |
| -35.9371 |                 -1.1 |                    3.4 |
| -35.9093 |                 21.9 |                   16.7 |
| -35.9004 |                 19.3 |                   11.5 |
| -35.8426 |                 12.5 |                   14.1 |
| -35.7916 |                   11 |                   14.2 |
|  -35.778 |                 10.5 |                   12.5 |
| -35.7549 |                 11.2 |                   14.7 |
| -35.7345 |                  7.7 |                    2.2 |
| -35.7236 |                 25.4 |                   14.5 |
| -35.7151 |                 14.8 |                    5.5 |
| -35.7114 |                 12.9 |                   14.8 |
| -35.5695 |                  9.9 |                   13.2 |
| -35.5575 |                 12.3 |                    3.3 |
| -35.5293 |                 -1.5 |                    1.6 |
| -35.5194 |                 13.4 |                   11.2 |
| -35.4939 |                 12.4 |                    2.5 |
|  -35.457 |                  8.3 |                    6.4 |
|  -35.444 |                 14.1 |                    5.3 |
| -35.4253 |                 10.3 |                    7.1 |
| -35.4184 |                  9.4 |                    5.8 |
| -35.4087 |                  3.1 |                    3.3 |
| -35.3778 |                 11.8 |                    8.1 |
| -35.3766 |                 14.8 |                    3.5 |
| -35.3635 |                 16.4 |                   12.6 |
| -35.3365 |                 12.6 |                   15.8 |
| -35.3261 |                 10.5 |                    8.5 |
| -35.3111 |                    8 |                    4.5 |
| -35.3088 |                  9.5 |                    3.8 |
| -35.2836 |                 12.5 |                    8.6 |
| -35.2795 |                 13.7 |                   14.9 |
|   -35.27 |                  9.8 |                    2.5 |
| -35.1712 |                   10 |                   11.8 |
| -35.1586 |                 14.2 |                     18 |
| -35.1583 |                 11.9 |                    6.3 |
|  -35.144 |                 15.2 |                   12.1 |
| -35.1327 |                  8.9 |                   15.5 |
| -35.1201 |                 14.8 |                      9 |
| -35.1121 |                 13.8 |                  14.85 |
| -35.1103 |                  7.6 |                    8.2 |
| -35.1066 |                    5 |                    6.5 |
| -35.0936 |                 14.2 |                   13.3 |
|  -35.065 |                   13 |                    8.2 |
|  -35.064 |                   13 |                   15.5 |
| -34.9784 |                  7.5 |                   12.5 |
| -34.9524 |                 14.1 |                     17 |
| -34.9469 |                 14.7 |                     12 |
| -34.9469 |                17.05 |                   12.9 |
| -34.9411 |                16.65 |                  13.55 |
| -34.9257 |                   14 |                   16.7 |
| -34.8085 |                  6.5 |                    7.5 |
| -34.7977 |                 13.8 |                   16.7 |
| -34.7975 |                18.95 |                   17.1 |
|  -34.748 |                 13.2 |                   13.6 |
| -34.7253 |                 10.5 |                   11.7 |
| -34.7111 |                 14.2 |                   15.9 |
|  -34.705 |                 14.8 |                    6.5 |
|  -34.675 |                 14.5 |                   18.5 |
| -34.6532 |                 15.7 |                   13.2 |
| -34.6222 |                 15.2 |                      8 |
| -34.5993 |                 14.2 |                   13.1 |
| -34.5714 |                 16.6 |                  10.25 |
| -34.5638 |                 15.3 |                   12.1 |
| -34.5412 |                 16.1 |                    2.5 |
| -34.5253 |                  8.5 |                    7.6 |
| -34.5106 |                 14.4 |                   11.8 |
| -34.4761 |                 11.1 |                   12.1 |
| -34.4734 |                 14.8 |                   13.8 |
|  -34.439 |                 14.1 |                    9.4 |
| -34.4387 |                 13.4 |                    1.3 |
| -34.4277 |                 10.8 |                    1.8 |
| -34.4048 |                   23 |                     10 |
| -34.3853 |                 15.7 |                   16.3 |
| -34.3728 |                   17 |                  15.75 |
| -34.3691 |                 16.1 |                   13.7 |
| -34.3335 |                  6.7 |                    6.7 |
| -34.2524 |                 13.3 |                     15 |
| -34.2508 |                14.05 |                   11.2 |
| -34.2493 |                  8.8 |                    1.7 |
| -34.2487 |                 14.1 |                    6.5 |
| -34.2358 |                 15.8 |                     10 |
| -34.1983 |                 16.3 |                     11 |
|  -34.081 |                 15.1 |                   10.1 |
| -34.0615 |                 15.6 |                     10 |
| -34.0519 |                 14.9 |                    9.4 |
|  -34.039 |                 15.9 |                     10 |
| -34.0281 |                 15.4 |                  11.95 |
| -33.9925 |                 16.2 |                   11.8 |
| -33.9703 |                 14.3 |                   13.7 |
| -33.9486 |                18.35 |                   12.7 |
| -33.9465 |                 17.2 |                   14.6 |
| -33.9382 |                 13.3 |                    3.2 |
| -33.9306 |                 16.9 |                   10.9 |
| -33.9176 |                 17.2 |                     11 |
| -33.9057 |                 17.1 |                     13 |
| -33.8969 |                   16 |                   10.8 |
| -33.8878 |                   17 |                   9.75 |
| -33.8707 |                15.75 |                  13.25 |
| -33.8593 |                 17.2 |                   14.2 |
|  -33.851 |                 16.9 |                     12 |
| -33.8405 |                 15.9 |                   14.9 |
| -33.8382 |                 10.6 |                    3.4 |
| -33.8338 |                 17.5 |                   10.8 |
|   -33.83 |                15.75 |                   11.1 |
| -33.8226 |                 11.4 |                   11.9 |
| -33.7676 |                   14 |                   10.7 |
| -33.7195 |                 17.4 |                   12.2 |
| -33.7081 |                 13.1 |                   18.2 |
| -33.6908 |                 24.8 |                     17 |
| -33.6856 |                18.45 |                   10.1 |
| -33.6825 |                 14.3 |                  10.35 |
| -33.6818 |                18.65 |                  11.65 |
|  -33.673 |                 14.2 |                    9.3 |
| -33.6185 |                    4 |                    4.5 |
| -33.6004 |                15.95 |                   10.6 |
| -33.5547 |                 15.1 |                   10.1 |
| -33.5372 |                 16.9 |                  12.75 |
| -33.4351 |                 17.5 |                    8.3 |
| -33.4346 |                  6.9 |                    5.3 |
| -33.4288 |                 20.1 |                   14.5 |
| -33.4119 |                  7.9 |                    6.1 |
| -33.3768 |                  4.3 |                    2.4 |
| -33.3704 |                 15.9 |                      9 |
| -33.3627 |                 11.9 |                    5.9 |
| -33.3608 |                 16.4 |                   14.4 |
| -33.3567 |                 18.5 |                   14.1 |
| -33.3392 |                 14.9 |                   10.5 |
| -33.2894 |                14.75 |                    6.5 |
| -33.2814 |                 17.9 |                   12.4 |
| -33.2371 |                 14.2 |                   16.5 |
| -33.1337 |                 31.3 |                   22.4 |
| -33.1281 |                 10.2 |                      2 |
| -33.1129 |                 19.2 |                  10.75 |
| -33.1006 |                 19.7 |                  11.45 |
|  -33.098 |                  6.3 |                    5.3 |
| -33.0887 |                 17.7 |                    4.5 |
| -33.0682 |                 11.4 |                    1.8 |
| -33.0539 |                 13.7 |                   15.4 |
|  -33.043 |                   22 |                  16.45 |
| -32.9869 |                 16.8 |                  11.75 |
| -32.9184 |                 17.6 |                   13.5 |
| -32.8833 |                 13.9 |                    9.5 |
| -32.8427 |                 14.6 |                   19.9 |
| -32.8261 |                 12.7 |                    3.8 |
| -32.7939 |                 17.4 |                    5.5 |
| -32.7886 |                 17.8 |                    5.7 |
| -32.7244 |                  5.1 |                    3.3 |
| -32.7103 |                18.55 |                  13.45 |
| -32.7103 |                 23.8 |                  17.95 |
| -32.7023 |                   17 |                    5.4 |
| -32.6976 |                 16.8 |                      9 |
| -32.6845 |                 14.4 |                   16.8 |
| -32.6722 |                18.15 |                   9.65 |
| -32.6296 |                   17 |                    5.1 |
| -32.5707 |                 13.8 |                   13.2 |
| -32.5628 |                 11.8 |                    2.7 |
| -32.5219 |                 20.7 |                   17.3 |
| -32.5073 |                 14.1 |                   14.5 |
| -32.4389 |                 17.5 |                   14.5 |
| -32.2433 |                 19.9 |                  17.65 |
| -32.2206 |                 13.5 |                    6.6 |
| -32.2147 |                 19.1 |                  13.35 |
| -32.1852 |                 11.8 |                    2.2 |
| -32.1297 |                 15.8 |                   15.4 |
| -32.1011 |                 21.2 |                   15.8 |
| -32.0335 |                 14.7 |                    2.1 |
| -32.0072 |                 18.6 |                  14.85 |
| -32.0069 |                 18.1 |                     18 |
| -32.0012 |                 14.1 |                   12.8 |
| -31.9861 |                 14.1 |                    5.6 |
| -31.9558 |                 20.2 |                  16.35 |
| -31.9414 |                 21.6 |                   17.3 |
| -31.9275 |                22.65 |                   17.1 |
| -31.9192 |                21.65 |                   15.5 |
| -31.8895 |                 17.9 |                    6.8 |
| -31.8256 |                19.25 |                     18 |
| -31.8112 |                 22.4 |                  15.35 |
| -31.8064 |                 10.6 |                      6 |
| -31.7416 |                 10.8 |                   9.65 |
| -31.7267 |                 14.5 |                     11 |
| -31.6797 |                14.35 |                  14.85 |
| -31.6669 |                21.15 |                   15.7 |
| -31.6219 |                 22.3 |                  16.55 |
| -31.5421 |                 18.6 |                   15.8 |
| -31.5388 |                 14.9 |                   11.7 |
| -31.5194 |                 16.5 |                    7.8 |
|  -31.484 |                 15.7 |                    9.3 |
| -31.4628 |                 21.7 |                   12.4 |
| -31.4492 |                   17 |                   14.6 |
| -31.4343 |                 22.9 |                   13.2 |
| -31.4335 |                18.65 |                   19.7 |
| -31.3865 |                 25.2 |                   19.5 |
|  -31.333 |                 11.8 |                    8.7 |
| -31.2353 |                 22.9 |                   18.2 |
| -31.1558 |                 15.4 |                   16.6 |
| -31.0863 |                 15.1 |                   12.2 |
| -31.0824 |                 16.6 |                   10.8 |
| -31.0742 |                 15.9 |                    8.6 |
| -31.0711 |                 19.8 |                    9.4 |
|  -31.044 |                 13.1 |                     10 |
| -30.9776 |                   17 |                    6.3 |
| -30.9537 |                 17.4 |                    8.2 |
| -30.8669 |                 26.2 |                   20.7 |
| -30.8522 |                 16.3 |                   12.7 |
| -30.8453 |                17.95 |                   14.9 |
| -30.8392 |                 19.9 |                   16.1 |
| -30.7847 |                   23 |                   19.2 |
| -30.7051 |                 17.3 |                     22 |
| -30.5963 |                 15.1 |                   17.6 |
| -30.5273 |                 10.5 |                    5.2 |
| -30.4829 |                26.45 |                   16.9 |
| -30.3381 |                21.45 |                  15.75 |
| -30.3189 |                   22 |                   12.2 |
| -30.3154 |                 18.4 |                   10.8 |
|  -30.311 |                 15.9 |                   19.4 |
| -30.2761 |                   21 |                   16.8 |
| -30.2411 |                 19.3 |                    5.8 |
| -30.1006 |                 16.7 |                   10.4 |
| -30.0692 |                 16.5 |                   12.5 |
| -30.0372 |                   19 |                    5.5 |
| -30.0362 |                 18.1 |                   10.5 |
| -29.7796 |                21.75 |                     19 |
| -29.7752 |                 14.7 |                    8.5 |
| -29.7614 |                 34.2 |                  20.55 |
| -29.7583 |                 22.9 |                   13.5 |
|  -29.678 |                 11.8 |                    5.3 |
| -29.6587 |                 17.2 |                   15.3 |
| -29.6224 |                 22.3 |                   14.5 |
| -29.4898 |                 18.9 |                    9.8 |
| -29.4448 |                   17 |                   11.8 |
| -29.4325 |                 23.8 |                   15.4 |
| -29.2039 |                23.75 |                  16.25 |
|  -29.183 |                 22.6 |                     14 |
| -29.0389 |                 20.8 |                     15 |
| -29.0347 |                 17.6 |                   21.5 |
| -28.8824 |                 22.9 |                   10.7 |
| -28.8789 |                 25.6 |                  22.35 |
| -28.8353 |                 23.2 |                   13.2 |
| -28.8305 |                   23 |                   10.2 |
| -28.8047 |                 22.4 |                  16.75 |
| -28.6617 |                 20.6 |                     17 |
| -28.6399 |                 22.8 |                   17.2 |
| -28.6217 |                 13.2 |                      7 |
| -28.6133 |                25.85 |                   22.8 |
| -28.4169 |                 18.7 |                   10.9 |
| -28.3395 |                 24.3 |                   20.5 |
| -28.3009 |                 22.3 |                   18.8 |
| -28.2061 |                 18.7 |                    8.3 |
| -28.1681 |                 17.6 |                   14.4 |
| -28.1156 |                 24.6 |                  22.05 |
| -28.0997 |                 17.3 |                   12.4 |
| -28.0568 |                 21.1 |                  16.05 |
| -28.0489 |                 19.2 |                   11.5 |
| -28.0437 |                 23.2 |                    6.3 |
| -27.9867 |                 18.2 |                   14.4 |
| -27.9707 |                 23.5 |                    9.7 |
| -27.9396 |                 17.9 |                   12.3 |
|  -27.939 |                 18.7 |                   17.7 |
| -27.8386 |                25.35 |                  21.25 |
| -27.6932 |                 24.5 |                    8.3 |
| -27.6839 |                 26.3 |                   22.8 |
| -27.6297 |                   24 |                   10.6 |
| -27.5716 |                 24.3 |                   10.3 |
| -27.5553 |                 19.9 |                     22 |
| -27.5517 |                   19 |                   12.5 |
| -27.5436 |                 23.4 |                   10.9 |
| -27.5433 |                 23.1 |                   15.3 |
| -27.5425 |                   17 |                   10.2 |
| -27.4808 |                 24.7 |                   14.6 |
| -27.4034 |                 19.8 |                   12.2 |
| -27.4008 |                 19.3 |                   15.1 |
| -27.3917 |                   24 |                   13.7 |
| -27.2856 |                 25.3 |                   20.1 |
| -27.2169 |                   24 |                   15.9 |
| -27.1605 |                 20.3 |                   11.7 |
| -27.0314 |                 22.5 |                   17.9 |
| -26.9586 |                 25.6 |                   13.3 |
| -26.6569 |                 20.3 |                   14.8 |
| -26.6442 |                 24.3 |                  14.85 |
| -26.6274 |                26.55 |                  21.75 |
| -26.6136 |                 26.1 |                   21.5 |
|  -26.599 |                 25.4 |                   19.2 |
| -26.5737 |                 20.9 |                   12.5 |
| -26.5477 |                 20.7 |                   10.4 |
| -26.4139 |                 20.1 |                     12 |
| -26.3911 |                 27.5 |                     19 |
| -26.2635 |                 21.8 |                   16.9 |
| -26.1831 |                 26.4 |                   14.3 |
| -26.1317 |                 27.9 |                   25.6 |
| -25.9351 |                 25.7 |                     17 |
| -25.9319 |                 25.1 |                   19.2 |
| -25.8975 |                 20.8 |                   20.6 |
| -25.8925 |                25.55 |                  18.15 |
| -25.7964 |                 37.4 |                  28.55 |
| -25.6167 |                 25.9 |                   13.7 |
| -25.5571 |                26.85 |                   21.4 |
| -25.5134 |                22.95 |                   21.8 |
| -25.5132 |                   28 |                   13.2 |
| -25.4117 |                 20.6 |                   18.1 |
|  -25.322 |                 28.4 |                   15.5 |
| -25.3139 |                 26.9 |                  16.55 |
| -25.1896 |                 25.6 |                   20.9 |
| -25.0341 |                 30.1 |                   22.4 |
| -24.9069 |                 28.4 |                   15.2 |
| -24.8878 |                 23.9 |                   18.9 |
| -24.4935 |                 26.1 |                   11.5 |
| -24.4617 |                 27.6 |                   17.1 |
| -24.4303 |                   24 |                   16.5 |
| -24.1116 |                 24.4 |                   20.7 |
| -23.9424 |                 28.7 |                   18.6 |
| -23.8697 |                 30.5 |                   18.5 |
| -23.8553 |                 30.5 |                   17.7 |
| -23.8237 |                 30.6 |                     17 |
| -23.7951 |                 23.5 |                   26.7 |
| -23.6015 |                 29.4 |                   16.8 |
| -23.5694 |                 30.3 |                   18.1 |
| -23.5544 |                31.35 |                   25.6 |
| -23.5322 |                 26.8 |                   21.3 |
| -23.4564 |                 22.2 |                     23 |
| -23.4397 |                 26.8 |                   18.5 |
| -23.4213 |                 28.8 |                  25.25 |
| -23.3753 |                   31 |                   17.5 |
| -23.2656 |                   32 |                   21.7 |
| -23.2503 |                 26.1 |                   20.7 |
| -23.1726 |                28.95 |                   23.4 |
|  -23.161 |                 26.6 |                   21.9 |
| -23.1364 |                 23.8 |                   21.9 |
|  -22.965 |                28.45 |                   25.3 |
| -22.9494 |                 23.8 |                   16.1 |
| -22.9117 |                   34 |                     17 |
| -22.7756 |                 31.7 |                   16.8 |
| -22.7433 |                 26.3 |                   20.6 |
| -22.6719 |                 28.5 |                   24.6 |
| -22.4703 |                   32 |                   17.1 |
| -22.4518 |                 26.3 |                   21.4 |
| -22.3617 |                 28.3 |                   17.2 |
| -22.3562 |                30.65 |                   27.6 |
| -22.3472 |                 33.1 |                   16.8 |
| -22.2999 |                30.55 |                   28.7 |
|   -22.29 |                30.15 |                   26.8 |
| -22.2547 |                29.55 |                  25.35 |
| -22.2406 |                 26.1 |                  19.25 |
| -22.0644 |                 32.5 |                   16.2 |
| -21.9769 |                 23.5 |                   22.2 |
|   -21.84 |                 26.7 |                   16.7 |
| -21.8125 |                 26.6 |                     17 |
| -21.7125 |                32.25 |                   26.1 |
| -21.6689 |                 26.6 |                   22.5 |
| -21.6628 |                 28.5 |                   19.7 |
| -21.5979 |                 27.4 |                     15 |
| -21.4609 |                 25.6 |                   22.7 |
| -21.1906 |                28.15 |                   21.9 |
| -21.1756 |                 32.8 |                   29.4 |
| -21.1706 |                 28.2 |                   21.4 |
|   -21.17 |                 29.1 |                   21.7 |
| -21.1172 |                 29.9 |                   21.7 |
| -20.9375 |                 24.3 |                     22 |
| -20.9358 |                 27.5 |                   23.2 |
|  -20.874 |                25.65 |                   23.8 |
| -20.8192 |                 33.4 |                   22.8 |
| -20.7594 |                 29.9 |                   23.2 |
| -20.7097 |                 28.4 |                  24.55 |
| -20.7017 |                 32.7 |                   20.3 |
| -20.6778 |                 28.9 |                   14.9 |
| -20.6672 |                 31.7 |                   15.9 |
| -20.6664 |                   29 |                   19.5 |
|  -20.655 |                 25.1 |                  24.05 |
|   -20.59 |                 28.8 |                     21 |
| -20.5303 |                 25.2 |                     23 |
| -20.4925 |                 32.9 |                   20.9 |
| -20.3725 |                31.65 |                   22.7 |
| -20.3658 |                 27.4 |                   21.8 |
| -20.3583 |                 26.1 |                  24.25 |
| -20.1823 |                 33.2 |                   26.8 |
| -20.1167 |                 29.2 |                   25.1 |
| -20.0464 |                 33.2 |                   24.4 |
| -20.0153 |                 28.7 |                   22.6 |
| -19.9225 |                 30.9 |                   21.9 |
|  -19.783 |                 33.4 |                   20.3 |
| -19.7419 |                32.65 |                  19.25 |
| -19.6423 |                26.85 |                   26.7 |
| -19.6169 |                 30.8 |                   21.6 |
| -19.5894 |                 27.7 |                   25.3 |
| -19.4569 |                 27.3 |                   23.3 |
| -19.4168 |                 26.9 |                   18.4 |
| -19.4082 |                 30.2 |                     21 |
| -19.3048 |                 32.6 |                   20.2 |
| -19.2774 |                 25.9 |                   24.1 |
| -19.2483 |                 30.2 |                   23.5 |
| -19.1958 |                 30.7 |                   22.1 |
| -19.0964 |                 25.1 |                   22.9 |
| -18.8322 |                 28.8 |                   18.3 |
| -18.7569 |                 34.9 |                   19.9 |
| -18.5203 |                 25.1 |                   24.1 |
| -18.3324 |                 34.1 |                   24.5 |
| -18.3039 |                 34.8 |                   22.9 |
| -18.2337 |                34.45 |                   23.6 |
| -18.1814 |                 36.1 |                  24.35 |
| -18.0015 |                 28.5 |                   24.9 |
| -17.9475 |                 31.5 |                   23.2 |
| -17.8964 |                33.35 |                   22.7 |
| -17.7483 |                 35.4 |                   20.7 |
| -17.7195 |                 24.7 |                   23.9 |
| -17.6905 |                 26.8 |                   24.5 |
| -17.6872 |                 37.1 |                     23 |
| -17.6096 |                 26.6 |                   15.5 |
| -17.6053 |                 29.5 |                   19.9 |
| -17.5768 |                36.85 |                  22.25 |
| -17.5581 |                 28.6 |                   18.4 |
| -17.5217 |                 25.4 |                   26.2 |
| -17.3706 |                 34.2 |                  24.15 |
|  -17.133 |                 25.6 |                   24.4 |
| -17.0704 |                 30.1 |                   18.7 |
| -16.9463 |                 30.4 |                   21.4 |
| -16.8736 |                 28.7 |                     23 |
| -16.7671 |                 34.5 |                  21.05 |
|  -16.662 |                 30.8 |                   25.3 |
|  -16.638 |                 36.2 |                   27.3 |
| -16.5158 |                 30.6 |                  23.95 |
| -16.4683 |                 25.7 |                   24.5 |
| -16.4423 |                 36.6 |                   23.7 |
|  -16.403 |                 35.9 |                   25.7 |
| -16.3842 |                 28.9 |                   24.3 |
| -16.2878 |                 28.7 |                   24.2 |
| -16.2637 |                 35.1 |                   20.5 |
| -16.0755 |                 35.1 |                   20.9 |
| -15.9999 |                 36.5 |                   22.2 |
| -15.7814 |                35.45 |                  21.45 |
| -15.7441 |                 35.3 |                   28.5 |
| -15.7426 |                 31.6 |                   24.9 |
| -15.5114 |                28.35 |                  26.95 |
|   -15.51 |                34.15 |                   23.7 |
| -15.4877 |                 25.1 |                  25.15 |
| -15.4818 |                 36.6 |                   23.1 |
| -15.4461 |                 28.5 |                   24.3 |
| -15.4397 |                 36.5 |                   28.7 |
| -15.1853 |                   35 |                   26.5 |
| -14.9672 |                 28.7 |                   24.6 |
| -14.9408 |                 36.7 |                   30.1 |
| -14.7236 |                 37.6 |                   22.4 |
| -14.5229 |                 36.1 |                   28.3 |
| -14.2964 |                   30 |                   24.4 |
| -14.2494 |                 33.3 |                   26.6 |
|   -14.09 |                 29.4 |                     26 |
| -13.9746 |                 30.4 |                   21.3 |
| -13.8345 |                 35.1 |                   26.8 |
| -13.7606 |                 32.1 |                   23.1 |
| -13.7542 |                 29.8 |                  28.45 |
| -13.6715 |                 36.2 |                   25.2 |
| -13.3275 |                   32 |                   24.9 |
| -13.0889 |                 30.9 |                   27.9 |
| -13.0544 |                 34.3 |                   25.4 |
| -12.9141 |                 32.7 |                   27.3 |
| -12.7934 |                 33.3 |                   26.6 |
|  -12.785 |                 29.4 |                   25.5 |
| -12.6778 |                 35.6 |                   23.7 |
| -12.6592 |                 35.1 |                   26.5 |
|  -12.635 |                 31.5 |                   28.2 |
| -12.6167 |                 35.9 |                   24.3 |
| -12.6099 |                 33.3 |                   26.3 |
|  -12.605 |                 33.6 |                   24.9 |
| -12.4719 |                 29.6 |                   28.2 |
| -12.4239 |                 31.8 |                   26.8 |
| -12.3895 |                 29.2 |                   28.1 |
| -12.3272 |                 37.2 |                   25.4 |
| -12.2741 |                 30.6 |                   22.8 |
|  -12.249 |                 30.1 |                   25.7 |
| -12.2403 |                 32.9 |                   25.7 |
| -12.1892 |                27.85 |                  26.15 |
| -12.0932 |                 32.2 |                   26.1 |
| -12.0569 |                 32.7 |                   24.5 |
| -11.9971 |                 31.4 |                  27.45 |
| -11.7628 |                 31.3 |                   25.6 |
|   -11.65 |                   32 |                   27.3 |
| -11.5485 |                 33.5 |                   23.6 |
| -11.4021 |                 30.5 |                   23.9 |
| -11.1629 |                 32.5 |                   25.4 |
| -11.0468 |                 28.9 |                   27.3 |
| -11.0047 |                 31.4 |                   25.6 |
| -10.5865 |                 27.3 |                     26 |
| -10.5844 |                 30.2 |                   25.9 |
| -10.4528 |                 25.8 |                   24.1 |
| -10.0511 |                 25.6 |                   25.9 |
+----------+----------------------+------------------------+
+------------------------------------------------------------------------+
| --------------------------- SELECT B: END ---------------------------- |
+------------------------------------------------------------------------+
|                                                                        |
+------------------------------------------------------------------------+
+--+
|  |
+--+
|  |
+--+
make[1]: Opouští se adresář „/home/radek/projekty/UPA/projekt/UPA-project/src/MySQL“
